function y = declin(jour)
y=23.4856*sin((0.9683*jour - 78.00878)*pi/180);